$ANSIBLE_VAULT;1.1;AES256
30383037356239323566323762373139656135333963616337306566343134396461383236663332
3731333666326566656231323238633633616264616536340a336530313966376334343961363765
32393535666433336361333433373631333733323334323339363434366432633039623137666363
3131323666653837300a656334393261333764646137613639313864656132653164663762303234
63353336383065633262363235643032386631366666373963346264373230613563323036646332
39613964646530376430373738383464396236353266663864366664373336386535373835386537
30323832303436366566656431376663363335333938336264313562663662356663323561383732
61616438386462303935376332636236656563343433343961663363623930353062343633633263
65326333613863313066366362613664643533333035316464373565336235383034613662613033
63356265616336396663666531323234393634623730326530386364653430653164316261663933
62393639313062363466383966316566386437626466386639646333353336613264353261363733
62303738363531363632313332346266633530373563303963363161363130626563343665336264
38633761393835616638616639653538393363623532663738623232386537343638386635653437
61633864393536326537343263353663323962636130663866356339373230626636663134326266
356364323836646466353464333933303838
